1e+09 -11.12 36.867 0.47257 -2.4382
1e+09 184.04 37.12 -3.8662 -1.4782
1e+09 3.0429 -106.1 -0.52323 3.5454
1e+09 40.763 6.14 -0.91937 1.0819
1e+09 -43.439 -74.611 -1.9533 2.5777
1e+09 -102.21 123.6 -2.3374 0.9198
1e+09 -57.085 43.536 1.2145 2.8193
1e+09 -93.34 -66.014 -2.7024 -3.6229
1e+09 -153.37 263.94 1.3203 1.9153
1e+09 -101.54 96.659 3.4613 1.0321
1e+09 -60.912 37.863 -2.09 0.80936
1e+09 1.3498 80.795 -3.2615 -0.19107
1e+09 4.7836 61.127 -0.099679 0.41344
1e+09 -163.47 -146.93 1.278 -2.24
1e+09 52.728 -83.604 0.15363 0.82007
1e+09 135.56 -22.924 0.87635 -1.8838
1e+09 4.8035 -157.77 2.9725 -3.2084
1e+09 -55.314 -105.98 4.2388 2.2791
1e+09 224.13 103.43 -0.44691 -2.0686
1e+09 -7.5427 47.229 1.0179 1.7492
1e+09 52.659 102.78 0.66588 -1.7789
1e+09 37.353 -6.8354 0.5601 -0.63551
1e+09 -81.136 24.194 -0.50098 4.6917
1e+09 -71.536 74.326 3.2366 1.6065
1e+09 -60.762 -29.517 1.0005 -0.60853
1e+09 106.55 72.186 -0.96022 -0.19964
1e+09 24.044 -154.88 0.63962 0.41911
1e+09 71.687 -10.156 -0.47001 0.42547
1e+09 -3.539 119.7 -1.1259 -3.4127
1e+09 -29.62 -16.14 0.8326 -2.1522
1e+09 68.175 18.48 0.022879 -2.1537
1e+09 110.37 53.069 -1.4593 -4.4114
1e+09 -189.44 137.22 2.115 -1.6333
1e+09 25.059 250.66 1.1161 -2.8297
1e+09 -45.925 -242.83 -3.0513 1.7108
1e+09 -44.059 -6.2669 3.1197 4.144
1e+09 0.75119 -87.56 3.5958 -4.2231
1e+09 83.27 2.0058 -1.6322 2.5472
1e+09 -41.297 -53.933 3.217 -1.0318
1e+09 -23.461 -10.604 1.4802 0.85826
1e+09 -34.935 59.268 0.65991 0.26427
1e+09 225.37 140.79 0.51111 -0.50365
1e+09 -106.6 188.71 -0.39206 2.2225
1e+09 10.476 46.112 -0.49914 2.3269
1e+09 1.0737 79.395 -0.55536 0.959
1e+09 -13.92 83.689 0.16477 -0.33507
1e+09 57.291 -65.974 2.2718 -1.5374
1e+09 22.662 -11.638 -3.7007 0.26458
1e+09 -87.464 -31.846 0.69257 -0.058869
1e+09 209.11 36.525 0.24351 1.3179
1e+09 179.43 8.3643 2.334 -1.1041
1e+09 137.3 111.82 1.1931 1.9963
1e+09 16.091 71.418 -3.314 -0.083497
1e+09 -84.367 63.528 3.8784 0.13932
1e+09 90.61 7.0119 -0.67003 -1.6249
1e+09 -112.06 49.398 -4.2378 0.94387
1e+09 54.483 -2.9864 -2.1242 -2.9102
1e+09 -27.405 -64.033 -3.03 -1.2499
1e+09 104.67 61.678 3.235 -1.6838
1e+09 -22.869 36.354 0.94679 1.523
1e+09 -211.91 97.16 2.3992 1.8995
1e+09 -92.545 16.031 0.87819 0.41465
1e+09 -195.17 102.18 -3.0031 -2.308
1e+09 106.33 138.6 -3.5301 -0.11312
1e+09 -51.986 -138.31 2.13 -3.9422
1e+09 -66.583 -52.641 0.2723 3.2254
1e+09 177.62 -55.643 -1.5447 -0.67447
1e+09 -37.454 -142.35 -1.4974 -1.0648
1e+09 -138.63 -58.128 1.7084 -1.7467
1e+09 -83.326 -13.912 4.6657 0.37885
1e+09 42.241 -71.654 -1.7622 -1.4661
1e+09 157.12 -249.27 -0.51036 -0.81115
1e+09 9.7879 55.979 1.0733 -1.8421
1e+09 -24.785 -5.434 3.9472 -2.2058
1e+09 33.19 -159.67 0.48001 2.7581
1e+09 -154.38 -243.02 -0.87776 0.027532
1e+09 -8.1337 63.343 -0.11182 0.99704
1e+09 8.3363 134.57 -2.199 1.7101
1e+09 -80.877 195.21 -1.077 -0.88886
1e+09 -80.199 -2.5864 -1.7367 -1.3074
1e+09 30.039 -95.584 0.55285 -1.5218
1e+09 40.394 -102.19 -1.162 3.8252
1e+09 47.076 -172.01 -1.3236 1.7152
1e+09 48.677 -88.701 2.1168 -0.27904
1e+09 -11.739 -26.149 0.89738 -1.4839
1e+09 -88.108 -133.6 1.7409 -1.0936
1e+09 -90.374 -329.14 1.2491 0.040431
1e+09 -33.342 -120.13 0.93005 1.446
1e+09 36.5 -51.99 -3.0433 1.0932
1e+09 -73.854 -199.87 2.4608 -0.84705
1e+09 -48.884 128.35 -0.39151 -0.99256
1e+09 -17.077 -222.72 -2.2444 -3.2359
1e+09 -31.691 -190.03 -0.30996 1.532
1e+09 27.049 -75.726 -2.9461 1.2783
1e+09 173.1 -61.504 1.7201 2.2112
1e+09 114.97 -121.7 -0.12716 2.2859
1e+09 -24.919 -61.741 -1.0706 -0.90309
1e+09 56.696 7.3884 0.042911 1.0233
1e+09 84.348 -126.75 1.1057 0.91537
1e+09 175.11 1.952 0.76672 2.652
1e+09 -17.574 184.15 -2.762 0.74267
1e+09 -46.469 -4.1414 2.7697 0.43331
1e+09 -57.129 67.065 0.70113 -3.0052
1e+09 -12.251 31.144 2.0092 -2.3841
1e+09 -42.788 38.497 0.32002 -0.66736
1e+09 18.133 137.97 -0.61016 -0.31317
1e+09 155.18 60.694 1.0788 2.6192
1e+09 -130.62 6.9269 -1.6704 -0.36057
1e+09 93.676 -65.547 1.7043 -0.45105
1e+09 -25.391 24.413 1.3665 0.94283
1e+09 -116.76 -10.678 -0.20013 3.444
1e+09 41.203 -1.0402 -2.2555 1.5128
1e+09 -5.0295 -83.673 -0.5554 1.6108
1e+09 -50.041 181.89 4.5251 -2.158
1e+09 -53.958 102.39 0.79872 -3.387
1e+09 -95.57 226.37 0.25923 -2.3049
1e+09 85.937 32.149 -2.5965 -4.9365
1e+09 38.568 45.097 1.6153 -0.59507
1e+09 194.42 97.301 0.82421 -1.1208
1e+09 113.69 63.385 2.8408 1.7192
1e+09 -42.231 32.669 -1.4297 2.0722
1e+09 -53.996 59.417 -0.1641 0.29985
1e+09 134.78 22.743 0.79719 1.6868
1e+09 127.63 35.138 0.044604 -1.7561
1e+09 -10.568 -225.46 1.8592 0.79759
1e+09 21.509 -55.737 -2.4582 -3.5845
1e+09 80.675 17.973 0.29042 -2.5598
1e+09 -90.662 33.357 0.1933 -2.7834
1e+09 28.415 -124.01 -1.2267 -1.7841
1e+09 -6.0185 -241.57 -0.35174 0.39841
1e+09 -11.109 -28.031 -0.23582 -5.7254
1e+09 -95.452 -3.9718 4.7758 2.7279
1e+09 11.791 -102.95 1.0636 2.8065
1e+09 126 106.74 1.9121 2.2722
1e+09 -150.73 132.4 -2.0035 0.53742
1e+09 -11.077 -75.305 -3.5228 -0.20969
1e+09 173.74 -89.135 0.51902 -2.1275
1e+09 111.08 -126.87 2.37 -1.1182
1e+09 -83.017 -184.08 0.062074 0.52927
1e+09 -28.222 -73.415 -2.3268 1.2594
1e+09 39.595 92.377 -2.0809 -0.20995
1e+09 -235.22 1.6841 0.38894 -0.58081
1e+09 -47.872 285.66 0.13266 0.35528
1e+09 -12.783 36.66 0.16977 1.7162
1e+09 -69.069 154.3 3.8582 -1.1957
1e+09 -38.551 -55.07 3.3679 -0.10063
1e+09 -43.738 -103.99 0.43001 -2.0626
1e+09 -52.761 -2.9462 2.7978 1.8753
1e+09 -117.79 76.702 2.39 0.92658
1e+09 150.21 -178.76 2.2333 0.46956
1e+09 70.106 136.4 0.63315 -1.0054
1e+09 -76.762 31.052 -2.9277 3.3366
1e+09 224.55 -125.76 0.62201 1.6138
1e+09 -84.3 -14.136 0.17657 -1.6902
1e+09 45.065 -25.953 -0.31497 -1.7607
1e+09 158.53 -126.26 -0.63643 2.1901
1e+09 -196.82 -56.91 -0.39053 -0.80063
1e+09 -144.64 37.339 -0.25978 -0.39814
1e+09 39.11 -59.603 -0.32613 -1.5547
1e+09 144.06 -250.85 2.9909 0.96204
1e+09 -46.757 -54.035 0.39508 -0.98027
1e+09 30.716 -10.466 1.5179 -0.9369
1e+09 -130.63 -110.46 -3.8644 4.4253
1e+09 -99.323 -141.87 2.1596 2.8015
1e+09 -6.0758 109.01 0.51517 2.519
1e+09 92.994 111.94 0.52237 -0.094884
1e+09 -51.114 -64.13 -1.7321 -1.1934
1e+09 -86.597 -316.31 -0.040232 -2.2795
1e+09 97.461 -0.5328 -1.0545 0.027078
1e+09 -186.91 -18.413 1.1578 0.47383
1e+09 -186.89 28.025 -1.0867 -1.6134
1e+09 -108.76 119.29 -3.9108 -3.7122
1e+09 -50.082 188.43 -2.0554 -1.9271
1e+09 -87.488 84.462 -2.2725 -1.7022
1e+09 43.794 20.79 -0.24922 1.2996
1e+09 -81.866 -91.485 1.6478 -1.7539
1e+09 -40.95 172.67 2.5958 0.55651
1e+09 -23.729 -151.53 -1.467 -1.002
1e+09 -33.64 -43.22 0.28302 -0.71308
1e+09 -44.807 -110.52 -2.3957 -1.6834
1e+09 87.628 52.788 0.59798 -1.5583
1e+09 144.3 -0.94068 1.012 -0.36614
1e+09 -144.4 -25.192 -3.2682 2.5176
1e+09 97.263 100.43 0.0058129 -0.46673
1e+09 70.435 3.3368 -1.2701 2.9936
1e+09 39.305 23.634 -2.3845 1.2908
1e+09 -0.90803 74.143 2.595 -4.6321
1e+09 38.529 6.6944 -2.4406 0.85035
1e+09 -57.768 138.58 1.598 -0.2842
1e+09 -59.691 -129.49 -0.32283 -0.43481
1e+09 -182.45 127.64 -4.6547 1.4841
1e+09 -200.63 -20.449 1.6963 -0.78128
1e+09 47.969 -136.07 3.5582 0.66052
1e+09 -95.954 -14.79 3.1553 2.0291
1e+09 -25.646 81.079 1.6617 -1.3282
1e+09 118.38 24.192 -4.1152 3.524
1e+09 -34.374 111.24 3.6073 1.9872
1e+09 124.94 -18.16 -0.71295 -1.9536
1e+09 -163.4 131.45 1.5609 -0.041712
1e+09 -175.78 -115.39 0.072508 -1.8096
1e+09 -56.137 111.26 -2.6606 1.9165
1e+09 15.117 -5.7356 -0.038741 0.073223
1e+09 43.3 18.582 1.3367 -0.86623
1e+09 -55.552 -131.08 2.6857 -0.28358
1e+09 36.885 74.034 0.55281 -3.5283
1e+09 -9.4241 -16.079 -1.4066 1.7483
1e+09 -103.67 25.554 -2.7398 -1.7959
1e+09 6.4004 -74.226 1.1132 -2.9663
1e+09 -7.7536 172 0.067811 -3.4908
1e+09 62.719 -152.91 3.4952 -0.98593
1e+09 -102.58 -87.638 0.26419 -0.42657
1e+09 49.575 80.973 -0.087609 1.0431
1e+09 -126.13 -32.056 -3.2562 0.7092
1e+09 -34.665 -123.72 -0.96388 -0.94853
1e+09 -96.822 113.12 2.9098 -0.20347
1e+09 110.01 -92.85 -0.62161 -1.6644
1e+09 -98.557 9.2765 0.286 -3.6605
1e+09 116.25 162.18 -1.6497 -0.07436
1e+09 -99.701 20.596 0.84383 -0.25927
1e+09 -31.573 289.85 0.98296 1.1776
1e+09 -172 -7.1159 -1.7875 0.16897
1e+09 13.783 27.071 1.2833 0.076187
1e+09 -86.27 61.259 1.369 -1.1141
1e+09 -40.57 90.504 -0.62624 -4.2472
1e+09 -46.765 -78.014 5.7505 -2.8938
1e+09 -8.9563 7.9848 2.1163 1.1343
1e+09 -54.905 10.907 0.040186 -1.6479
1e+09 -25.374 -2.5881 -4.9241 -2.8025
1e+09 -20.038 -119.33 -2.0888 -1.5971
1e+09 105.65 47.637 -0.50083 -0.097504
1e+09 -210.81 60.244 1.4002 2.5146
1e+09 38.963 -164.39 -4.4038 -0.77462
1e+09 55.065 15.687 4.7021 0.9456
1e+09 2.0497 -166.08 2.8663 2.6646
1e+09 -154.5 88.721 -0.65762 2.3152
1e+09 105.76 -35.877 1.4791 -2.7812
1e+09 33 174.83 2.2539 7.61
1e+09 34.39 -107.77 0.31875 2.9014
1e+09 25.834 -25.756 -1.9316 2.5754
1e+09 -107.07 -7.7768 -1.5105 -4.527
1e+09 -109.1 -255.08 0.68582 -0.04374
1e+09 165.88 119 1.1398 1.5401
1e+09 -60.918 142.82 -2.0586 1.6287
1e+09 -61.905 -141.83 0.42366 0.7443
1e+09 -0.67428 140.62 -0.85927 -0.47169
1e+09 -44.993 132.28 1.7825 -2.2339
1e+09 226.27 150.35 0.1222 -1.0689
1e+09 -187.72 -109.06 3.4766 2.1944
1e+09 -119.26 26.691 -1.1038 -1.3475
1e+09 -88.544 19.959 1.0065 -1.894
1e+09 57.632 56.749 1.3624 1.6295
1e+09 45.999 -46.625 2.2004 -2.7917
1e+09 129.83 -57.59 -0.15264 -1.2622
1e+09 -78.706 -273.65 -0.51164 2.3894
1e+09 44.963 122.93 2.2199 -1.0751
1e+09 -86.559 -21.261 -0.6889 -0.066817
1e+09 -14.739 87.262 -2.3375 -0.57402
1e+09 -7.99 114.11 -2.6368 -2.8628
1e+09 108.23 -163.59 4.9606 -1.81
1e+09 -42.858 -63.675 0.33456 -0.5102
1e+09 170.57 -20.06 -1.0751 1.2482
1e+09 45.343 1.9521 0.89697 -0.88602
1e+09 14.121 -123.46 1.574 1.0554
1e+09 6.9047 -83.82 1.6331 1.9785
1e+09 67.76 -60.439 -3.5192 -2.4428
1e+09 -50.187 250.22 2.2664 1.5269
1e+09 47.719 103.01 -2.2681 2.4658
1e+09 -4.2385 -116.57 0.99887 1.5364
1e+09 40.949 -44.322 1.9952 1.3645
1e+09 140.47 -59.133 -0.46099 -0.64619
1e+09 -91.13 52.868 -2.1192 -0.99344
1e+09 -252.16 -72.189 -0.6442 -1.5432
1e+09 1.8011 40.286 0.61508 3.8364
1e+09 4.2651 49.636 0.69603 0.90709
1e+09 -7.2893 138.3 -2.9673 0.5038
1e+09 -36.909 -122.09 -0.74092 0.0287
1e+09 23.725 139.24 -2.288 -0.45848
1e+09 -59.377 139.57 1.7283 1.365
1e+09 1.3472 7.71 -1.3112 3.4519
1e+09 28.433 -173.23 2.6942 0.13072
1e+09 -93.58 39.724 0.93009 -0.63355
1e+09 119.23 -124.56 -0.10323 -2.8596
1e+09 78.794 -19.296 1.1195 -0.20547
1e+09 -129.82 -37.94 -1.1551 -0.18463
1e+09 -154.02 -98.984 -0.48754 1.4775
1e+09 203.85 -30.959 1.4367 -2.7901
1e+09 -194.98 -70.891 0.56969 0.27208
1e+09 -2.0966 -143.98 1.1176 2.6719
1e+09 109.4 74.651 -0.62568 -3.2827
1e+09 -298.28 75.034 -1.6906 -1.2406
1e+09 36.976 35.469 0.53992 -0.61909
1e+09 -37.989 65.672 0.96922 -0.60792
1e+09 85.671 -31.636 -0.33223 -1.0375
1e+09 54.681 29.026 0.31502 2.1474
1e+09 59.58 33.592 2.3917 -4.3039
1e+09 -0.14964 117.34 1.2891 -0.53304
1e+09 37.703 143.72 5.051 3.5123
1e+09 24.482 33.945 -0.43577 2.3698
1e+09 -219.47 12.053 3.699 0.95919
1e+09 127.67 187.18 -1.2315 2.4806
1e+09 -121.27 -136.79 1.8855 4.8397
1e+09 81.303 105.04 -0.75301 0.82268
1e+09 61.681 -4.9673 -1.7605 -0.43817
1e+09 51.612 -50.484 1.1968 -0.41544
1e+09 14.504 -47.337 1.2512 -3.0901
1e+09 55.799 52.439 0.85862 1.6687
1e+09 -30.475 -59.525 -1.3313 2.1025
1e+09 -20.618 39.407 0.83887 -2.3375
1e+09 -8.5552 25.42 0.6179 1.0762
1e+09 91.802 -245.72 -2.1569 0.085358
1e+09 -8.5701 80.354 0.62753 -1.7966
1e+09 -34.596 22.483 0.68902 -1.0218
1e+09 -93.314 -110.48 -2.0476 -0.089025
1e+09 -129.32 123.58 0.56655 1.7335
1e+09 -35.93 -168.64 -1.1905 -0.018288
1e+09 12.784 -98.279 -1.3405 0.090772
1e+09 43.241 171.95 -0.18198 3.199
1e+09 26.498 73.855 1.6511 3.0998
1e+09 19.381 -40.947 -2.8909 1.6819
1e+09 -85.921 -22.622 0.60084 1.3129
1e+09 110.68 -19.836 2.1282 -4.8131
1e+09 103.82 -117.99 -0.65878 0.19772
1e+09 68.003 25.693 5.354 1.1613
1e+09 21.266 -215.27 1.8739 0.38634
1e+09 30.624 -5.1956 1.6565 1.372
1e+09 25.587 144.3 -1.3694 -1.5358
1e+09 -34.897 0.80872 0.4377 0.93378
1e+09 -38.057 8.7786 0.0028212 1.6355
1e+09 -112.74 34.903 -0.48033 2.5112
1e+09 48.822 22.808 -0.91629 0.94346
1e+09 -20.687 -15.103 -1.4812 -1.4631
1e+09 -47.931 92.248 2.9569 -4.4379
1e+09 13.661 42.063 1.0924 0.24207
1e+09 36.119 23.793 0.19617 -2.5051
1e+09 136.74 -33.532 -1.3634 -0.099982
1e+09 -133.76 -118.34 0.79341 3.1041
1e+09 -0.98701 -66.08 3.1349 1.2701
1e+09 -16.171 10.01 1.1489 -0.23032
1e+09 -158.59 95.43 0.46241 -1.616
1e+09 -85.781 -131.53 -0.93445 -1.0559
1e+09 43.636 -75.561 0.67935 -1.0489
1e+09 20.714 73.521 -2.2717 -0.4243
1e+09 -118.34 78.406 -0.58371 -0.068734
1e+09 158.37 9.7787 -0.59013 0.41456
1e+09 -40.916 -112.23 -0.30558 0.33948
1e+09 -86.355 25.317 1.3928 -0.79917
1e+09 56.27 -78.954 -0.85281 0.015731
1e+09 80.143 -132.65 -1.4215 -1.6846
1e+09 -226.4 218.74 -2.3741 -0.48458
1e+09 2.5637 53.294 2.5518 3.1285
1e+09 -119.18 6.453 -1.5839 -3.8651
1e+09 64.034 -115.67 -0.77701 0.84322
1e+09 -29.184 69.044 -2.3081 -0.043761
1e+09 47.251 27.733 -0.024737 -5.9099
1e+09 -54.36 154.15 -1.9039 -0.94035
1e+09 -53.488 -113.91 2.175 -1.3669
1e+09 20.242 -21.735 3.1535 -2.5247
1e+09 -98.466 162.33 -0.72569 -3.4466
1e+09 113.11 26.147 -0.87531 -1.1284
1e+09 -155.24 105.41 1.353 -1.2816
1e+09 -250.85 79.504 -1.8411 -2.974
1e+09 -86.788 -58.364 -1.0075 0.0068908
1e+09 -50.994 -67.656 -1.8317 1.4789
1e+09 -62.802 43.688 2.0875 -1.7787
1e+09 -93.755 115.69 1.0149 0.29211
1e+09 -77.697 -57.072 3.0993 1.0334
1e+09 -111.25 25.386 0.51749 0.85909
1e+09 -83.795 46.152 -3.8966 0.76037
1e+09 33.851 -0.99719 4.5995 0.31578
1e+09 -31.76 73.217 0.71137 -0.25127
1e+09 75.317 4.7263 -0.83187 6.0273
1e+09 -96.334 -127.58 -1.9484 1.1482
1e+09 -58.674 -9.8735 -2.2708 -1.433
1e+09 71.755 -135.74 0.3391 -2.4507
1e+09 206.98 9.216 3.6448 -0.82451
1e+09 59.288 41.491 -0.71082 -0.074682
1e+09 164.41 -143.55 2.3648 1.1059
1e+09 -65.905 228.77 1.2964 1.6752
1e+09 -130.07 27.047 -1.2303 3.6781
1e+09 26.684 93.911 -1.8163 -2.8316
1e+09 -234.36 97.548 2.8528 0.28987
1e+09 30.92 -61.125 -1.8434 0.21428
1e+09 -47 93.892 -2.5052 1.6671
1e+09 50.825 -62.666 0.20529 -2.7543
1e+09 -49.053 44.712 1.6496 2.3187
1e+09 -10.072 159.52 1.7867 -2.4583
1e+09 49.55 19.287 1.6983 -0.51242
1e+09 115.39 -254.2 2.478 1.2294
1e+09 122.23 94.653 1.8104 0.36373
1e+09 26.839 -53.87 0.72041 1.304
1e+09 -128.16 2.6907 0.9888 1.2266
1e+09 -186.46 -99.544 -0.49449 -2.2595
1e+09 -37.725 -51.421 1.0216 0.45189
1e+09 84.472 -52.076 3.989 -1.4542
1e+09 -88.647 -39.794 0.92871 0.19597
1e+09 41.019 41.946 -3.4209 0.35414
1e+09 9.0816 3.8989 5.5375 2.5215
1e+09 318.98 -74.459 -5.5812 -2.7751
1e+09 205.73 25.598 -2.2027 -1.44
1e+09 5.8512 -6.6407 -1.2332 -2.8443
1e+09 -42.33 24.649 0.33094 -2.2775
1e+09 2.1817 -57.426 -1.483 0.42625
1e+09 52.908 14.173 2.709 1.1341
1e+09 9.7424 -24.83 1.5247 1.1729
1e+09 231.8 39.301 3.7884 -3.0299
1e+09 134.72 -83.323 0.68462 -5.8162
1e+09 120.02 97.965 -2.7703 -1.6745
1e+09 44.751 -151.68 0.64902 -2.5063
1e+09 27.823 -61.327 -0.4572 0.33272
1e+09 164.91 19.659 0.34618 0.57897
1e+09 30.824 20.986 0.1545 0.98678
1e+09 -36.826 111.75 -2.8545 -0.30826
1e+09 -38.024 66.51 -0.50988 0.97126
1e+09 -96.232 120.32 1.3977 2.613
1e+09 40.527 -113.56 0.21259 4.0322
1e+09 18.802 89.483 1.0457 -2.166
1e+09 17.935 57.323 1.0619 1.1714
1e+09 39.182 145.92 -1.0096 1.2779
1e+09 -33.166 -67.083 -0.48876 -2.6686
1e+09 16.703 92.739 -1.4936 0.37401
1e+09 44.033 -35.336 -4.0423 1.8083
1e+09 -83.016 61.785 1.0182 -1.0241
1e+09 -52.506 -37.896 0.80672 1.9375
1e+09 47.679 5.6864 -0.73424 0.78774
1e+09 -80.605 62.665 -0.3524 0.60024
1e+09 122.99 64.677 0.89614 3.9729
1e+09 -44.418 104.47 1.896 -0.059628
1e+09 38.245 -30.578 0.77206 2.1421
1e+09 -57.583 144.24 -0.40581 -2.5489
1e+09 45.166 -133.4 -1.9009 -0.76271
1e+09 -8.8275 -50.43 1.3211 0.6602
1e+09 -33.374 -76.802 -0.52553 -3.5128
1e+09 96.331 -57.149 0.93829 -1.5972
1e+09 5.7691 126.18 2.3497 -0.51255
1e+09 -18.871 26.624 -1.9547 -0.27785
1e+09 -47.011 -114.68 0.04932 0.7528
1e+09 217.34 -172.58 1.9642 -0.051585
1e+09 109.33 82.98 -0.15681 0.39846
1e+09 85.615 111.99 -0.84398 1.1367
1e+09 27.456 -81.097 1.3309 2.6858
1e+09 19.17 -126.35 -2.2837 1.6494
1e+09 66.168 -3.2149 0.31676 -0.15366
1e+09 74.719 -134.35 1.6757 1.5955
1e+09 108.15 -88.803 -1.21 -3.132
1e+09 16.713 2.665 3.2414 -1.7544
1e+09 -29.039 157.63 1.7491 -1.0016
1e+09 85.143 -52.743 2.2425 -1.5355
1e+09 31.273 -45.271 3.7134 -1.6057
1e+09 48.302 97.14 -0.028907 -1.0851
1e+09 -63.885 -113.37 2.3879 1.7784
1e+09 87.097 30.322 0.66783 2.3033
1e+09 171.63 -112.45 -2.1161 -2.9567
1e+09 12.984 63.175 -1.4671 -3.7929
1e+09 -192.02 -8.3139 -2.3348 1.6259
1e+09 -78.799 158.13 -6.068 -1.1366
1e+09 118.3 11.275 1.2948 -5.81
1e+09 29.347 52.629 1.6733 0.52996
1e+09 -27.039 62.658 1.4137 -2.3678
1e+09 14.23 -22.302 0.49514 -2.1517
1e+09 -85.919 61.357 1.007 -3.3715
1e+09 -6.3697 120.84 -1.4631 -2.0363
1e+09 -73.09 74.108 1.5506 2.5745
1e+09 -159.78 -92.072 0.16388 4.0206
1e+09 271.04 -0.91713 -0.83752 1.4817
1e+09 138.61 -175.21 0.75145 -0.80275
1e+09 95.827 58.695 0.51197 2.4185
1e+09 -101.22 48.683 -1.8127 -2.9217
1e+09 -71.831 -75.253 -0.74429 2.918
1e+09 -148.8 -34.011 1.1964 0.9967
1e+09 39.496 35.69 -3.093 -1.7573
1e+09 40.278 -68.986 -3.0371 -0.9452
1e+09 -75.379 44.48 0.90924 2.1438
1e+09 70.135 42.529 0.94266 -2.7019
1e+09 -33.135 -70.642 -2.0674 2.0784
1e+09 207.79 154.34 0.10113 -0.83538
1e+09 17.662 3.8303 -1.5517 0.30732
1e+09 27.976 -15.499 2.2559 -0.49124
1e+09 4.5789 -16.717 1.3545 -0.94758
1e+09 -152.36 49.173 2.6061 -0.94618
1e+09 -97.517 -194.53 2.9718 2.8335
1e+09 50.643 1.3869 -0.39295 3.1978
1e+09 -64.197 -4.1213 -0.09546 1.7271
1e+09 -64.522 -154 2.2408 3.481
1e+09 40.571 25.176 2.5428 0.77664
1e+09 -24.464 90.802 -0.21122 -0.98127
1e+09 119.84 34.116 0.74729 2.5359
1e+09 -88.826 -101.68 1.195 -2.6436
1e+09 -30.421 133.6 -2.4465 0.22998
1e+09 61.485 -127.02 1.3679 -1.7979
1e+09 -52.797 78.506 -1.1523 -2.9197
1e+09 -177.19 -118.23 2.104 -2.7092
1e+09 -27.623 174.69 -0.54103 0.55293
1e+09 28.147 36.467 -2.8334 0.24419
1e+09 -60.818 5.7293 3.1276 0.51478
1e+09 39.726 30.285 -0.65365 0.22089
1e+09 -12.705 -97.525 -1.2408 1.9696
1e+09 -28.161 -66.737 -3.1486 1.1892
1e+09 53.307 -113.1 1.5889 1.3712
1e+09 -45.011 131.75 5.0711 2.3959
1e+09 2.3197 73.484 2.4565 -4.2784
1e+09 56.073 -24.276 2.1869 -0.12429
1e+09 -76.11 -39.343 0.23367 1.9709
1e+09 -82.985 -42.543 -0.53935 2.6361
1e+09 -44.823 164.21 3.1584 0.40277
1e+09 56.467 34.015 -0.63876 -2.0778
1e+09 -56.551 -23.456 -0.40873 -2.293
1e+09 75.586 70.395 -0.63263 1.0626
1e+09 44.658 -79.385 0.0017389 -1.1031
1e+09 217.38 64.49 -1.4061 -1.2276
1e+09 64.176 1.625 -0.18341 -2.861
1e+09 -5.5653 -54.054 -1.165 -0.61119
1e+09 -82.113 -117.61 -3.0982 2.6151
1e+09 -139.23 74.432 -1.0788 -2.4721
1e+09 33.274 91.955 3.8273 -3.212
1e+09 20.016 3.0274 -1.2826 -2.1204
1e+09 -105.77 -25.015 -3.4529 0.56611
1e+09 5.7594 25.632 -1.1266 0.28529
1e+09 51.969 -25.762 -0.56288 4.1907
1e+09 85.008 -132.24 1.2739 -4.5891
1e+09 54.645 -104.91 -0.69236 2.2572
1e+09 11.749 114.79 0.64369 -1.0558
1e+09 -43.624 -131.54 -1.5128 -2.9273
1e+09 78.61 -85.06 0.12332 -1.862
1e+09 88.954 -44.179 0.61783 -2.5555
1e+09 27.048 18.132 -0.03299 4.1148
1e+09 -22.986 -21.671 -0.91981 0.9097
1e+09 -79.707 60.215 2.3409 -0.4145
1e+09 94.598 52.111 2.0794 1.0371
1e+09 -40.071 -91.073 1.0215 -2.2253
1e+09 24.617 4.4501 -0.91783 2.3407
1e+09 49.233 21.672 -2.32 -1.8574
1e+09 79.192 271.93 -0.066147 -1.3464
1e+09 -31.244 2.8733 2.896 0.618
1e+09 98.723 -53.485 0.22167 -3.8294
1e+09 53.162 21.922 -1.7236 -3.0654
1e+09 50.543 -12.086 -0.94923 0.97392
1e+09 49.02 207.25 -0.4924 -3.7057
1e+09 -102.27 14.534 -0.10798 -2.7551
1e+09 -76.729 82.559 2.6542 1.2654
1e+09 7.4335 28.543 -1.3489 -5.6216
1e+09 46.705 -38.54 0.68667 1.0848
1e+09 113.97 -116.09 2.2577 -0.61449
1e+09 113.59 41.798 -0.50415 0.31927
1e+09 -39.951 6.4182 -1.8721 1.9822
1e+09 -82.635 -107.42 1.877 1.1642
1e+09 162.15 98.738 -2.3292 0.99459
1e+09 -51.917 -77.627 -0.38186 -2.3654
1e+09 17.475 -2.4783 2.17 3.032
1e+09 166.27 -12.365 0.52472 -0.14019
1e+09 176.39 -20.199 0.89415 -1.2956
1e+09 94.793 -125.24 -1.2062 0.31354
1e+09 131.28 69.313 -0.94746 -0.45955
1e+09 68.456 13.279 -0.96443 1.3655
1e+09 279.8 107.21 -2.8142 -3.0949
1e+09 138.77 -199.01 -2.4795 -1.0178
1e+09 -114.56 187.66 2.3522 1.2543
1e+09 -69.772 -15.797 1.0982 -1.2696
1e+09 -16.424 36.06 -0.078968 -0.025701
1e+09 -44.004 0.82066 2.6299 1.0296
1e+09 -61.889 12.522 -1.4116 1.2485
1e+09 -22.167 -163.72 -2.8628 -1.478
1e+09 77.328 -72.297 -1.1386 -1.9756
1e+09 -134.01 -130.9 0.1067 3.1561
1e+09 5.1841 -65.351 2.4176 -1.2322
1e+09 -120 88.759 -2.4564 0.73069
1e+09 -136.81 -84.46 -1.0886 1.6465
1e+09 132.12 -94.175 -0.32912 -0.95718
1e+09 -39.135 -198.52 -2.4112 1.2127
1e+09 22.872 -89.777 -1.4564 1.6189
1e+09 55.467 -62.594 0.3242 -2.4129
1e+09 -104.85 79.931 0.65642 1.6825
1e+09 -180.96 16.591 2.0912 0.037362
1e+09 -169 -90.352 4.6074 1.3097
1e+09 21.878 101.17 -2.8795 -1.4362
1e+09 83.334 54.285 -1.7218 -1.3421
1e+09 -164.38 103.51 -4.4864 -1.2766
1e+09 -26.377 -14.776 -1.7723 -2.4559
1e+09 3.1482 4.0943 0.93595 -1.4869
1e+09 121.68 -97.887 2.8896 -1.6399
1e+09 -40.303 32.409 0.15944 1.0949
1e+09 -88.312 283.59 -2.67 1.557
1e+09 178.28 227.84 0.43401 1.0605
1e+09 142.17 -41.073 -0.17113 1.1646
1e+09 31.586 -85.623 -0.21132 -1.1294
1e+09 53.706 33.503 5.1134 -2.523
1e+09 -131.2 -53.822 0.53234 -2.4407
1e+09 -24.118 -89.391 -0.32554 1.4279
1e+09 -158.33 210.91 1.2982 0.331
1e+09 -86.41 67.943 -2.5872 -0.11409
1e+09 12.04 -150.53 -1.8727 3.0568
1e+09 -78.759 79.834 2.4309 1.4569
1e+09 160.49 -51.267 -3.9731 -2.3865
1e+09 -116.94 41.614 -0.59125 -0.20241
1e+09 -82.445 172.48 2.2428 -1.7618
1e+09 2.7731 64.654 -0.21345 1.5802
1e+09 111.17 45.329 1.4216 -0.8212
1e+09 -7.8161 26.528 0.81686 -1.9014
1e+09 31.605 125.63 2.8801 -1.3152
1e+09 -60.057 123.58 -0.65646 -0.63164
1e+09 97.383 -71.08 -0.4524 -0.0095983
1e+09 -133.8 111.67 1.7707 1.0924
1e+09 -89.09 -22.983 -1.0826 -0.036668
1e+09 -189.38 -40.639 -1.7463 -2.6376
1e+09 116.5 -42.931 0.10911 -1.4194
1e+09 -15.439 -56.242 -2.179 2.2976
1e+09 16.269 43.522 -1.6683 4.0316
1e+09 -22.864 -178.43 2.2095 -1.9166
1e+09 254.59 32.6 1.9435 -0.55303
1e+09 -107.38 -65.405 -0.1213 -1.9003
1e+09 99.288 48.507 -2.1099 -0.42887
1e+09 -48.294 -194.76 0.87191 -0.082567
1e+09 -105.78 -5.6299 -3.9542 1.5229
1e+09 1.933 154.49 -3.2943 -1.3635
1e+09 86.663 35.393 0.39785 1.4007
1e+09 64.434 -212.3 -3.4758 -1.3271
1e+09 26.056 102.48 -0.16954 3.3965
1e+09 -11.7 -231.65 1.4438 -2.152
1e+09 83.997 -47.95 0.67361 -2.6807
1e+09 51.972 -113.69 0.47612 -0.34626
1e+09 -87.908 -95.084 2.5324 -3.004
1e+09 -19.258 -55.842 -1.3091 2.3324
1e+09 13.743 -9.1876 -1.0033 -3.1036
1e+09 -19.661 25.171 -1.0048 5.0338
1e+09 127.26 24.785 -2.8656 1.9002
1e+09 96.172 169.25 -0.45877 -4.249
1e+09 -64.246 -25.788 -0.32729 -0.72178
1e+09 -60.912 44.458 -2.7196 2.8652
1e+09 -121.38 -14.306 -1.0199 -1.9236
1e+09 163.8 -154.24 -0.86207 -2.4211
1e+09 92.132 43.17 1.8783 -1.6442
1e+09 47.271 147.37 -1.7365 -0.95442
1e+09 8.449 54.315 0.76181 -2.8662
1e+09 138.86 -157.35 -0.65932 1.0905
1e+09 -88.13 52.168 -0.2952 4.1203
1e+09 15.89 110.39 2.2559 -0.9578
1e+09 -95.055 94.542 2.6986 -2.1717
1e+09 -40.12 -93.004 -2.5268 -2.3182
1e+09 89.125 31.973 2.33 -1.4761
1e+09 -91.263 102.31 -1.7667 1.6701
1e+09 81.421 -23.074 -0.13079 -0.88556
1e+09 -140.21 -1.478 5.9188 -0.1332
1e+09 74.375 -30.015 -0.75314 -1.0101
1e+09 -62.176 -25.04 1.6411 0.4289
1e+09 59.495 -250.88 -0.35886 1.5426
1e+09 44.487 -161.46 2.5396 1.5205
1e+09 -37.968 91.791 -0.96826 1.5823
1e+09 -68.513 -78.205 1.5508 -0.55195
1e+09 93.769 -64.553 -1.6715 -4.3632
1e+09 -59.281 28.568 -0.17612 2.473
1e+09 -8.0266 -52.779 -0.94445 1.4607
1e+09 -9.263 -63.684 2.7647 1.0525
1e+09 -93.479 135.46 2.6186 4.1994
1e+09 111.82 -177.7 -1.3985 5.5161
1e+09 224.54 34.307 1.9855 -0.074833
1e+09 -180.52 29.778 -0.96858 0.92325
1e+09 56.556 18.23 -1.9095 -0.081925
1e+09 -113.16 59.37 0.54784 -0.93308
1e+09 -10.672 116.2 -1.5584 -0.89772
1e+09 20.669 -112.63 -0.21085 -0.1784
1e+09 186.94 -133.81 2.805 0.67123
1e+09 22.078 -85.259 -1.2205 -2.0972
1e+09 69.896 50.844 -1.9661 -1.8824
1e+09 -22.58 -34.267 1.6346 -0.98499
1e+09 26.201 -92.142 0.68961 -1.3809
1e+09 154.11 85.501 -1.0835 1.5868
1e+09 -21.767 -50.907 -1.6075 -0.46487
1e+09 -23.592 74.354 -0.18955 2.7081
1e+09 -14.034 70.229 -2.231 -1.5681
1e+09 83.835 -81.86 -4.2094 -1.6674
1e+09 -5.4322 -134.2 0.87249 -1.3005
1e+09 133.87 163.41 -0.62007 1.296
1e+09 -28.837 125.49 2.2657 0.59839
1e+09 18.868 42.151 -1.2598 -0.48769
1e+09 -85.536 -87.612 2.3005 -1.9321
1e+09 179.6 14.66 -1.0482 -3.0575
1e+09 -135.85 9.9349 0.6578 -1.7323
1e+09 -53.178 -154.98 -0.32582 1.7891
1e+09 97.405 60.796 1.4347 -1.307
1e+09 140.83 27.892 1.7896 -3.281
1e+09 -19.779 91.484 1.2946 0.22583
1e+09 78.086 -3.9671 -1.4012 -1.3825
1e+09 15.49 70.285 4.7533 1.6603
1e+09 47.506 20.074 0.41463 4.5619
1e+09 16.686 -55.757 -0.57257 -0.24768
1e+09 -13.939 -3.6421 -0.02243 1.9674
1e+09 186.73 61.174 -1.2023 1.5125
1e+09 22.374 -12.277 0.82233 3.8804
1e+09 -8.6605 -26.111 -1.0821 -3.966
1e+09 133.81 -195.32 0.11674 -0.84536
1e+09 3.0652 60.803 1.2388 -1.9692
1e+09 208.9 -94.846 1.4504 -2.0424
1e+09 1.3143 -9.1176 1.3218 -1.5943
1e+09 -22.849 100.46 0.82801 -1.8867
1e+09 -100.3 60.241 -1.9464 -4.2981
1e+09 39.377 24.343 1.6607 -1.7474
1e+09 11.819 13.182 -0.60241 -0.36653
1e+09 78.627 66.08 0.52309 1.1625
1e+09 46.056 48.95 1.4206 0.36632
1e+09 -18.728 33.208 1.0219 -0.55923
1e+09 163.69 -64.927 -2.2928 -1.184
1e+09 -91.256 -32.439 -3.0652 -0.7941
1e+09 2.9166 168.96 1.2618 -0.91011
1e+09 -1.5647 40.079 1.8602 -3.8155
1e+09 -26.055 -139.58 -2.6475 0.19979
1e+09 139.39 84.813 -2.4156 -1.2618
1e+09 -96.918 20.36 -1.5939 -0.22403
1e+09 2.2841 123.44 0.85233 -0.07355
1e+09 71.387 -78.67 0.78365 -2.68
1e+09 -221.17 152.74 -1.3234 0.75438
1e+09 113.24 -47.519 -1.4969 -1.7501
1e+09 -50.866 -17.332 -2.5742 -0.70519
1e+09 -193.57 -131.02 -1.5876 1.6024
1e+09 -136.53 82.966 -0.13328 1.7775
1e+09 -22.763 233.97 3.2393 -2.0499
1e+09 80.206 38.365 -1.6298 1.6064
1e+09 -137.53 -176.68 -3.856 -1.4361
1e+09 21.674 167.75 0.0050489 -0.15125
1e+09 -44.735 -71.018 -0.66451 2.6986
1e+09 175.86 37.362 5.1851 -0.13903
1e+09 138.16 -55.12 1.241 2.1901
1e+09 -91.586 165.6 -0.30031 1.7594
1e+09 -19.808 15.678 1.7732 -1.473
1e+09 -284.16 163.33 1.4579 1.2859
1e+09 95.456 -16.307 -3.3928 3.1324
1e+09 49.9 -1.7662 -2.3642 1.4836
1e+09 -73.824 22.438 1.7275 1.1373
1e+09 56.381 -33.484 -3.2057 -0.0033054
1e+09 -43.509 -223.63 -0.40405 0.88799
1e+09 88.926 82.715 -2.1207 -1.8007
1e+09 -1.5225 14.038 -3.7147 -1.1992
1e+09 59.747 59.126 6.1916 2.5587
1e+09 -10.991 91.358 -0.31445 -0.1953
1e+09 22.339 -120.7 0.21844 -1.3182
1e+09 95.765 86.364 0.39215 -2.1689
1e+09 41.493 106.74 0.60478 -0.44163
1e+09 -61.497 -113.46 2.1114 -2.4259
1e+09 10.108 -6.8416 -1.7507 2.2204
1e+09 -34.569 93.902 1.4863 -0.7969
1e+09 -100.67 -183.45 2.4246 -0.068091
1e+09 115.88 28.484 1.8184 4.2554
1e+09 -10.452 -187.71 -0.40197 1.04
1e+09 112.52 67.887 -1.8109 0.15799
1e+09 -138.41 48.787 -2.1127 3.5513
1e+09 51.215 -70.203 -1.0932 2.4556
1e+09 72.265 -1.4725 0.1443 2.3985
1e+09 -47.615 -13.971 0.87346 -0.6017
1e+09 -90.126 -15.767 0.51614 0.30049
1e+09 131.16 14.724 2.1936 -0.71737
1e+09 -5.7455 1.3927 -0.39993 -1.7572
1e+09 -18.718 144.68 -0.091401 -0.40618
1e+09 -65.912 96.786 1.082 -2.0101
1e+09 87.949 5.6517 -0.53573 0.089926
1e+09 -130.17 17.077 0.09403 0.87888
1e+09 -29.482 1.0424 -1.0438 2.9524
1e+09 -159.94 86.151 -0.48156 1.8028
1e+09 -17.812 7.0686 1.7181 1.9166
1e+09 -134.22 -18.876 -2.4649 -0.10623
1e+09 37.73 -117.3 0.23708 -0.37366
1e+09 -40.084 34.009 -3.3515 1.5105
1e+09 97.533 123.31 -4.5679 2.3723
1e+09 81.808 -112.57 1.5456 -0.41233
1e+09 31.421 -14.77 -1.8896 -0.9522
1e+09 -140.78 -79.721 -1.7712 1.3124
1e+09 125.51 -87.15 1.6056 1.964
1e+09 98.087 -42.999 -3.918 0.30176
1e+09 97.756 -17.007 -3.8858 0.9824
1e+09 45.759 -26.045 0.7067 0.39357
1e+09 118.99 50.998 -1.758 0.50853
1e+09 -111.53 -131.79 0.88914 0.22418
1e+09 51.562 17.793 0.65869 -1.2059
1e+09 -118.62 -76.866 1.9041 3.5527
1e+09 -105.77 -149.79 1.7113 1.8521
1e+09 -103.25 -29.541 -1.1725 0.5515
1e+09 -193.65 113.05 1.6171 1.8809
1e+09 -90.048 164.12 -2.342 -4.2637
1e+09 -108.11 108.46 -0.06073 0.49552
1e+09 51.75 127.75 -3.8045 -1.2536
1e+09 -86.451 47.501 2.1142 0.76724
1e+09 35.859 91.418 2.9899 0.67536
1e+09 -68.583 89.937 3.5213 0.79658
1e+09 4.5545 -54.386 3.2112 -1.8215
1e+09 76.329 64.288 -0.37552 -0.47814
1e+09 61.143 52.463 -0.5992 -2.5315
1e+09 156.51 -46.95 -0.44691 -0.49109
1e+09 -98.613 -69.929 2.1528 0.38409
1e+09 4.124 26.969 0.99369 0.55248
1e+09 76.943 244.32 -0.11682 -0.41306
1e+09 -49.177 273.09 -1.4384 -1.6501
1e+09 -17.126 59.564 0.17302 -1.509
1e+09 78.287 -139.04 0.16716 0.075955
1e+09 -81.035 -14.731 -0.86634 0.46489
1e+09 -47.35 21.131 -4.1833 -2.6988
1e+09 66.758 -19.097 -0.097672 -2.8088
1e+09 33.905 -34.352 -1.4279 -1.875
1e+09 137.46 89.627 0.66788 0.14869
1e+09 -16.38 -31.414 2.9579 -1.4389
1e+09 56.802 -60.178 3.8263 -0.05387
1e+09 -164.85 74.245 -3.753 -1.6368
1e+09 -38.233 -37.048 -0.80035 -4.0938
1e+09 88.212 62.5 -0.23188 -1.1356
1e+09 157.75 -61.318 1.6519 1.1709
1e+09 -100.99 146.48 -0.65131 0.1581
1e+09 -101.11 14.094 1.1804 3.9787
1e+09 54.252 -9.2539 -3.7355 1.0027
1e+09 117.97 2.2734 1.8122 0.060591
1e+09 77.301 -85.339 2.7082 -2.6549
1e+09 -68.448 19.773 -0.38078 3.3646
1e+09 -39.939 -204.15 -1.2715 0.47978
1e+09 88.942 38.445 -1.185 1.8386
1e+09 -114.21 199.06 -1.9178 1.4375
1e+09 -10.33 345.85 1.1026 -0.24319
1e+09 124.29 47.944 0.25887 -2.3618
1e+09 -23.178 -160.45 -1.2614 -0.25262
1e+09 -123.39 -190.5 0.65481 2.2468
1e+09 60.117 14.027 0.5729 -2.4357
1e+09 -100.22 55.662 2.061 -0.80266
1e+09 -142.72 -8.6743 -0.97247 -0.0047646
1e+09 61.881 148.23 -1.8818 0.75872
1e+09 93.743 -54.907 -4.4073 0.57411
1e+09 62.733 -159.75 -1.1399 -2.5487
1e+09 -83.885 103.47 -1.6896 1.7181
1e+09 -38.986 82.196 -1.0206 -0.89399
1e+09 39.632 72.613 1.0963 2.4377
1e+09 15.98 76.506 4.0927 2.5247
1e+09 124.11 -91.995 -1.0734 -3.2525
1e+09 -41.849 19.185 1.9721 0.41817
1e+09 49.078 -35.006 2.7061 4.2486
1e+09 11.569 -38.296 -4.2238 -2.6716
1e+09 -60.12 21.101 -0.16352 -1.378
1e+09 50.687 193.28 -3.8904 -1.6795
1e+09 46.826 74.667 -1.412 -1.3818
1e+09 -10.683 -62.478 1.023 3.0587
1e+09 -24.097 139.17 -2.4759 -3.2091
1e+09 -0.58285 -214.68 -0.14989 -2.4612
1e+09 15.492 31.691 -1.4769 -1.9423
1e+09 75.25 -24.752 0.78803 0.1161
1e+09 -85.926 -7.6178 -0.22567 -0.16202
1e+09 -63.034 59.338 0.42724 3.3346
1e+09 -4.7042 138.87 -1.6715 -4.014
1e+09 60.191 -23.46 -3.5965 -1.294
1e+09 -92.99 54.564 -0.33268 -3.7423
1e+09 -41.973 101.72 -3.1669 -0.6902
1e+09 -36.481 -7.1487 0.80217 0.043139
1e+09 163.32 -142.2 0.81949 -0.6377
1e+09 -57.054 114.53 -0.90623 -1.0073
1e+09 -31.344 25.559 4.1168 -5.519
1e+09 125.96 -8.7889 2.0627 -1.9917
1e+09 -2.0424 16.356 -2.0965 -0.77571
1e+09 8.8345 98.367 2.7321 2.4017
1e+09 57.327 153.12 1.1461 1.6833
1e+09 -21.269 -59.822 -1.7016 -3.3491
1e+09 -84.683 87.741 1.2486 0.40618
1e+09 -116.38 -123.39 -0.1233 1.3699
1e+09 88.859 -106.7 0.95215 0.55511
1e+09 0.38301 -129.37 0.53654 -0.7774
1e+09 -43.824 -142.12 1.4262 -2.5706
1e+09 -26.85 -66.909 -0.24396 -1.6584
1e+09 -81.293 51.981 -3.4363 0.95758
1e+09 64.542 144.92 -0.29195 1.1221
1e+09 -55.347 52.022 -2.0852 -2.6824
1e+09 32.076 -24.467 1.7592 -2.1871
1e+09 100.95 123.34 -2.3555 2.0481
1e+09 63.019 -20.463 -3.2463 0.65899
1e+09 113.26 -152.33 -1.5435 -2.8911
1e+09 -181.77 -133.95 -2.8889 -0.75862
1e+09 -64.039 -142.21 -0.2962 -2.8499
1e+09 -61.539 -26.735 1.7568 0.94765
1e+09 143.52 -12.753 1.4527 -1.1313
1e+09 -83.529 -9.0737 0.65054 -1.3074
1e+09 38.51 69.271 -2.6935 -0.48357
1e+09 -223.56 -145.48 -1.8103 -2.4877
1e+09 107.84 -96.98 -2.0409 -1.6882
1e+09 -133.75 26.915 0.12049 -0.67811
1e+09 -110.12 -29.247 -1.4032 -1.1855
1e+09 -114.79 100.21 -0.45717 -5.2172
1e+09 -18.313 135.19 -2.1447 -0.92616
1e+09 -67.606 96.15 1.9384 -1.9689
1e+09 16.731 72.712 -0.94765 -0.94091
1e+09 -12.072 -18.471 -1.187 0.54162
1e+09 -142.33 27.895 1.2536 -1.3817
1e+09 109.24 -37.95 -1.6204 -1.0021
1e+09 -4.3557 40.507 0.60035 -1.8916
1e+09 -32.097 -25.997 -0.59627 2.4708
1e+09 -41.672 96.547 -0.45147 -4.0831
1e+09 -30.278 -229.57 1.4656 -1.9692
1e+09 81.333 -22 -0.72643 -2.0333
1e+09 66.287 -30.419 -3.3677 -2.9993
1e+09 -42.617 -67.986 0.89661 3.802
1e+09 26.885 -178.39 -1.3417 3.0569
1e+09 37.724 -38.778 2.3402 -4.3173
1e+09 128.2 130.1 -0.16388 -2.0208
1e+09 -21.487 85.541 2.9888 1.2309
1e+09 145.98 -87.803 2.096 -0.074568
1e+09 120.36 34.865 3.2717 0.050063
1e+09 52.884 212.69 -1.2193 -1.7386
1e+09 -137.62 76.263 -4.2871 -1.993
1e+09 110.82 9.2944 -1.1932 1.454
1e+09 40.215 95.231 4.2089 -2.067
1e+09 10.752 -19.236 4.7997 0.78783
1e+09 -124.73 -93.791 1.2796 0.76072
1e+09 -72.221 -20.222 3.814 -0.78776
1e+09 -109.25 -140.43 -0.37687 1.3027
1e+09 -123.45 75.027 -1.1717 2.7515
1e+09 -70.541 -165.23 2.9919 0.66358
1e+09 156.43 -44.518 1.2526 2.0613
1e+09 -67.841 104.34 -1.8683 -2.7686
1e+09 -26.738 207.08 -2.0098 2.3146
1e+09 10.639 -63.649 -2.1877 -1.3627
1e+09 -224.63 61.728 -2.4785 -0.21107
1e+09 -103.89 235.81 -3.3248 -2.5446
1e+09 -72.483 90.835 -1.2059 0.61205
1e+09 72.081 59.718 0.98484 -3.1565
1e+09 35.823 112.59 -0.81852 -0.50908
1e+09 -35.03 166.01 3.1046 0.060947
1e+09 -98.361 -17.408 -2.6299 2.8135
1e+09 -126.91 -50.124 3.2179 -0.37437
1e+09 31.797 -104.95 -0.43745 1.8359
1e+09 -47.731 -95.789 1.1786 0.63914
1e+09 20.331 276.6 -2.1651 0.13115
1e+09 -34.467 20.783 -1.6585 -0.9096
1e+09 -88.902 -2.8151 0.75634 -1.9661
1e+09 6.5446 -11.958 -3.7214 -0.37533
1e+09 -51.405 65.212 -0.17576 -1.8296
1e+09 -22.962 -55.287 1.2487 -0.95137
1e+09 65.091 42.105 -0.8645 0.27955
1e+09 -181.89 58.103 1.3607 2.6728
1e+09 52.408 -69.667 0.54852 -0.7567
1e+09 138.95 -4.1126 -3.2363 1.0393
1e+09 -41.612 -84.256 2.2388 0.37554
1e+09 -158.96 94.025 -0.78148 -1.6559
1e+09 126.26 -60.078 -0.21887 -0.67745
1e+09 -172.79 -57.405 -0.26503 2.2725
1e+09 71.966 -7.1225 -1.8071 1.2851
1e+09 53.932 62.989 2.6048 4.5291
1e+09 -47.993 -160.96 -0.38753 -0.75155
1e+09 -42.355 -143.57 1.9019 -0.98326
1e+09 17.432 -63.844 0.3715 -2.5282
1e+09 66.914 -203.06 -1.4252 -0.78173
1e+09 23.399 -87.223 -0.68173 -5.239
1e+09 -134.63 -36.592 -2.0605 -1.9303
1e+09 -42.097 -130.1 0.29197 1.7638
1e+09 -163.22 15.278 -1.887 -2.2058
1e+09 -10.558 27.811 -0.41322 1.0336
1e+09 -100.5 -123.76 -0.73358 -3.4993
1e+09 11.138 -25.225 -1.8483 -5.6738
1e+09 -14.136 33.589 3.457 -1.4611
1e+09 -24.319 11.483 0.9841 0.084694
1e+09 -35.778 -35.937 2.9249 -2.8565
1e+09 -46.686 4.2035 0.91644 -0.90701
1e+09 12.059 -1.8469 -1.7722 -3.0323
1e+09 73.079 -138.75 -2.1044 1.9426
1e+09 5.9593 26.068 2.1679 -0.68397
1e+09 -40.826 67.08 -0.81422 -6.0685
1e+09 -38.783 -115.59 -0.80934 -1.05
1e+09 18.915 -54.479 -0.69779 3.2666
1e+09 -94.76 -2.9778 -2.3151 1.5844
1e+09 85.74 -37.053 3.8313 -0.23455
1e+09 -40.08 92.342 -1.2895 0.37918
1e+09 157.89 134.09 0.68814 -0.63262
1e+09 -110.76 200.11 -1.3944 0.78244
1e+09 145.6 -166.27 0.32621 -0.71197
1e+09 90.504 -173.25 0.40987 3.8139
1e+09 23.575 103.44 2.4173 -0.82489
1e+09 52.132 -124.3 -0.71819 4.2925
1e+09 -46.695 124.27 1.3381 4.6325
1e+09 -115 82.158 -1.3353 -1.1029
1e+09 2.3597 -23.168 1.7899 1.6582
1e+09 -83.747 -43.361 0.68423 -0.70137
1e+09 109.89 53.702 2.3411 1.6242
1e+09 26.2 41.517 -2.1323 2.3786
1e+09 162.77 2.829 0.84477 0.48298
1e+09 0.4464 256.17 -3.0352 -2.7748
1e+09 -51.472 -63.456 -4.7925 2.774
1e+09 53.187 -52.46 -1.787 2.1292
1e+09 79.265 -25.317 1.9666 2.7091
1e+09 -16.632 -44.195 -0.77643 0.42744
1e+09 35.141 -101.76 0.50905 0.58627
1e+09 -108.6 -95.978 0.29112 2.5869
1e+09 60.343 -107.08 -2.0796 -1.3992
1e+09 78.517 -50.021 1.0624 1.604
1e+09 -80.647 131.52 2.2263 -0.62168
1e+09 37.145 90.788 0.047513 1.0333
1e+09 -37.91 -89.151 -3.5854 2.2151
1e+09 -24.909 -62.138 0.74996 1.0261
1e+09 14.988 118.02 0.13298 -2.9902
1e+09 -70.329 100.89 2.1496 -3.0604
1e+09 73.116 -3.8876 -0.70166 -0.26611
1e+09 -234.66 34.467 0.62119 -0.087059
1e+09 -20.458 94.593 0.7139 -0.52145
1e+09 -90.046 -89.522 0.58219 1.9667
1e+09 -55.804 32.197 -2.9674 -0.20647
1e+09 154.77 -70.352 1.9506 -2.6831
1e+09 -82.374 231.32 -3.6008 -2.0103
1e+09 97.511 67.425 1.0098 0.79424
1e+09 -226.24 92.386 -1.3551 1.7728
1e+09 17.365 -122.41 1.023 -2.0673
1e+09 289.98 10.978 1.0226 -2.2472
1e+09 42.097 -6.8001 -1.2328 -3.9044
1e+09 99.34 75.286 -0.2422 -1.1229
1e+09 -34.173 34.838 3.207 -0.47446
